310,1,1,4,6,0.670
6.664162e-01,6.701728e-01,6.577761e-01,310,1,1,4,6,0.664
6.746807e-01,6.746807e-01,6.690458e-01,310,1,1,4,6,0.672
6.716754e-01,6.833208e-01,6.690458e-01,310,1,1,4,6,0.680
6.833208e-01,6.919609e-01,6.919609e-01,310,1,1,4,6,0.672
6.773103e-01,6.810669e-01,6.750563e-01,6.810669e-01,310,1,1,4,6,0.685
6.844478e-01,6.915853e-01,6.848234e-01,0,6.915853e-01,310,1,1,4,6,0.669
6.712998e-01,6.833208e-01,6.705485e-01,0,0,0.683
310,1,1,4,6,0.662
6.652893e-01,6.728024e-01,6.604057e-01,0,0,0.000
6.728024e-01,310,1,1,4,6,0.662
6.652893e-01,6.750563e-01,6.566491e-01,0,0,0.000
0,6.750563e-01,310,1,1,4,6,0.650
6.498873e-01,6.652893e-01,6.570248e-01,0,0,0.000
0,0,6.652893e-01,310,1,1,4,6,0.670
6.664162e-01,6.701728e-01,6.577761e-01,310,1,1,4,6,0.664
6.746807e-01,6.746807e-01,6.690458e-01,310,1,1,4,6,0.672
6.716754e-01,6.833208e-01,6.690458e-01,310,1,1,4,6,0.680
6.833208e-01,6.919609e-01,6.919609e-01,310,1,1,4,6,0.672
6.773103e-01,6.810669e-01,6.750563e-01,6.810669e-01,310,1,1,4,6,0.685
6.844478e-01,6.915853e-01,6.848234e-01,0,6.915853e-01,310,1,1,4,6,0.669
6.712998e-01,6.833208e-01,6.705485e-01,0,0,0.683
310,1,1,4,6,0.662
6.652893e-01,6.728024e-01,6.604057e-01,0,0,0.000
6.728024e-01,310,1,1,4,6,0.662
6.652893e-01,6.750563e-01,6.566491e-01,0,0,0.000
0,6.750563e-01,310,1,1,4,6,0.650
6.498873e-01,6.652893e-01,6.570248e-01,0,0,0.000
0,0,6.652893e-01,310,1,1,4,6,0.670
6.664162e-01,6.701728e-01,6.577761e-01,310,1,1,4,6,0.664
6.746807e-01,6.746807e-01,6.690458e-01,310,1,1,4,6,0.672
6.716754e-01,6.833208e-01,6.690458e-01,310,1,1,4,6,0.680
6.833208e-01,6.919609e-01,6.919609e-01,310,1,1,4,6,0.672
6.773103e-01,6.810669e-01,6.750563e-01,6.810669e-01,310,1,1,4,6,0.685
6.844478e-01,6.915853e-01,6.848234e-01,0,6.915853e-01,310,1,1,4,6,0.669
6.712998e-01,6.833208e-01,6.705485e-01,0,0,0.683
310,1,1,4,6,0.662
6.652893e-01,6.728024e-01,6.604057e-01,0,0,0.000
6.728024e-01,310,1,1,4,6,0.662
6.652893e-01,6.750563e-01,6.566491e-01,0,0,0.000
0,6.750563e-01,310,1,1,4,6,0.650
6.498873e-01,6.652893e-01,6.570248e-01,0,0,0.000
0,0,6.652893e-01,310,1,1,4,6,0.948
9.358601e-01,9.329446e-01,9.475219e-01,310,1,1,4,6,0.956
9.620991e-01,9.620991e-01,9.504373e-01,310,1,1,4,6,0.936
9.416910e-01,9.416910e-01,9.183673e-01,310,1,1,4,6,0.915
9.183673e-01,9.037901e-01,9.183673e-01,310,1,1,4,6,0.924
9.241983e-01,9.183673e-01,9.096210e-01,9.241983e-01,310,1,1,4,6,0.927
9.271137e-01,9.241983e-01,9.241983e-01,0,9.271137e-01,310,1,1,4,6,0.915
9.183673e-01,9.212828e-01,9.125364e-01,0,0,0.921
310,1,1,4,6,0.933
9.416910e-01,9.446064e-01,9.504373e-01,0,0,0.000
9.504373e-01,310,1,1,4,6,0.942
9.387755e-01,9.387755e-01,9.358601e-01,0,0,0.000
0,9.416910e-01,310,1,1,4,6,0.968
9.679300e-01,9.737609e-01,9.650146e-01,0,0,0.000
0,0,9.737609e-01,310,1,1,4,6,0.959
9.416910e-01,9.591837e-01,9.504373e-01,310,1,1,4,6,0.918
9.329446e-01,9.329446e-01,9.329446e-01,310,1,1,4,6,0.948
9.533528e-01,9.620991e-01,9.533528e-01,310,1,1,4,6,0.924
9.241983e-01,9.300292e-01,9.300292e-01,310,1,1,4,6,0.921
9.212828e-01,9.212828e-01,9.300292e-01,9.300292e-01,310,1,1,4,6,0.936
9.416910e-01,9.416910e-01,9.387755e-01,0,9.416910e-01,310,1,1,4,6,0.939
9.358601e-01,9.475219e-01,9.416910e-01,0,0,0.948
310,1,1,4,6,0.921
9.241983e-01,9.183673e-01,9.300292e-01,0,0,0.000
9.300292e-01,310,1,1,4,6,0.936
9.387755e-01,9.475219e-01,9.475219e-01,0,0,0.000
0,9.475219e-01,310,1,1,4,6,0.942
9.446064e-01,9.416910e-01,9.416910e-01,0,0,0.000
0,0,9.446064e-01,